function x = sod0001()

x = zeros(9,9);
x(1,2) = 2;
x(2,4) = 6;
x(2,9) = 3;
x(3,2) = 7;
x(3,3) = 4;
x(3,5) = 8;
x(4,6) = 3;
x(4,9) = 2;
x(5,2) = 8;
x(5,5) = 4;
x(5,8) = 1;
x(6,1) = 6;
x(6,4) = 5;
x(7,5) = 1;
x(7,7) = 7;
x(7,8) = 8;
x(8,1) = 5;
x(8,6) = 9;
x(9,8) = 4;



